0.205602354	0.745812232	1.000204014
1.729554666	0.811781675	0.30594017
3.406823141	0.152946746	2.57279175
2.707758321	0.13098519	2.110674749
2.602667173	0.936450871	1.72439696
0.504651923	0.621605933	0.374337668
1.839417508	0.673554658	3.785009194
1.119127548	0.500523599	0.416073737
1.135711617	0.234131835	3.382085305
0.019215329	0.579140052	3.967968348
3.141653662	0.641053659	0.152214465
2.724841541	0.841529862	3.178691155
2.056941515	2.285496882	1.133855596
1.258265807	3.288601042	0.592904637
3.90678508	1.233891049	0.000246641
0.491834575	3.976286906	0.369749139
2.8411859	3.030644294	0.233696582
2.752382155	3.176727289	0.544900838
0.416658797	2.651554892	0.402310137
3.713797082	3.733826375	3.292525561
1.076318974	1.709488704	0.959566844
3.36364565	2.285251098	2.365881398
3.464335769	2.913682274	0.55376696
1.547165823	2.646669668	0.989879504
2.479248887	3.267484587	0.323868896
0.064513132	1.786624412	3.5504221
3.727084942	2.445968849	3.544930975
2.038578809	2.370761167	3.289165644
2.26027123	1.115491843	0.446053115
1.032758542	3.726866052	0.906485231
1.419727493	2.373880944	2.263370107
1.306293891	1.207788104	3.220018602
0.721084916	3.776004132	0.960382777
2.576964876	3.19132667	2.910998698
1.680366698	2.332227586	1.029113892
1.908515052	1.758292393	3.293598726
2.050603219	3.931991778	3.318207029
1.52865609	1.207265268	3.204356747
0.296310855	3.915546688	0.546760952
3.633122585	3.989317294	1.518320292
2.839998596	3.331014054	1.926281543
0.82810679	3.025086719	3.656546938
1.988740078	1.687057013	1.472141533
0.848205433	1.074770938	0.563918517
0.488653245	3.47882335	2.667579484
0.622430276	1.441190418	3.982172271
0.087230023	2.121715649	0.207681255
2.708458816	2.084850003	0.050256642
3.493361707	2.874556961	1.87501091
1.062421854	1.747487221	2.800328005
