0.415483 0.0172861 0.0267308
 0.0454952 0.137294 0.0014998
 0.194657 0.101625 0.0141876
0.26485 0.335575 0.00384909
 0.285827 0.401203 0.0165269
 0.232223 0.47049 0.025042
 0.448828 0.454604 0.0302822
 0.442824 0.0460868 0.0810993
 0.143606 0.0891639 0.07686
 0.468949 0.119955 0.090448
 0.193863 0.249871 0.0737665
 0.491653 0.204383 0.0709099
 0.450837 0.213249 0.0710105
 0.473743 0.205157 0.0655943
0.423083 0.263464 0.0459824
 0.477704 0.278073 0.0740758
 0.106376 0.357355 0.0652136
 0.312425 0.42102 0.0798838
 0.232015 0.480548 0.0630154
 0.0355318 0.18267 0.126529
0.229325 0.266384 0.10948
 0.465837 0.325823 0.107624
 0.45516 0.381099 0.131226
 0.20604 0.420755 0.134659
 0.339796 0.454461 0.125063
 0.238866 0.118887 0.137453
 0.116597 0.153161 0.175508
 0.0237323 0.368041 0.164117
0.191708 0.0334211 0.208743
 0.257217 0.051717 0.207014
 0.0368745 0.250354 0.192071
 0.0751675 0.340673 0.192907
 0.288358 0.438283 0.220019
 0.179632 0.0832536 0.243259
 0.282449 0.126063 0.244257
 0.401536 0.123921 0.238216
 0.425635 0.144658 0.268713
0.467346 0.191751 0.259708
 0.43043 0.235631 0.252978
 0.207697 0.268652 0.233959
 0.452327 0.252261 0.258146
 0.0675547 0.391577 0.227654
 0.0095462 0.443016 0.262494
 0.138541 0.456909 0.264874
 0.159516 0.493321 0.246988
 0.0998786 0.159625 0.314635
 0.0633561 0.325627 0.310817
 0.293593 0.422788 0.295054
 0.231122 0.475684 0.316369
 0.0626827 0.00793385 0.344228
 0.207147 0.0134381 0.35491
 0.231661 0.0325969 0.356711
0.326959 0.208 0.350595
0.0235223 0.339432 0.339648
 0.36133 0.376678 0.325759
 0.15877 0.443495 0.326029
 0.219665 0.412349 0.34449
 0.364874 0.434632 0.357821
3.91318e-06 0.0657689 0.377803
 0.136355 0.218206 0.383247
 0.174762 0.22615 0.404472
 0.434124 0.314772 0.368112
 0.40036 0.353268 0.370858
 0.300197 0.408781 0.377922
 0.256637 0.295557 0.422991
 0.374146 0.277292 0.445369
 0.0363429 0.315817 0.442354
 0.380757 0.385102 0.413909
 0.362706 0.499729 0.444286
 0.133072 0.0453664 0.473882
 0.182669 0.123519 0.491275
 0.267225 0.24924 0.47768
0.343386 0.294488 0.465218
 0.316319 0.378205 0.495519
 0.351103 0.493573 0.477207
